0 nan
0.227012 -3.6934
0.321043 -3.34058
0.393196 -3.04738
0.454024 -2.79988
0.507614 -2.58817
0.556064 -2.405
0.600617 -2.24499
0.642087 -2.10399
0.681036 -1.97881
0.717875 -1.86693
0.752914 -1.76635
0.786393 -1.67542
0.818503 -1.59284
0.849401 -1.5175
0.879214 -1.44849
0.908048 -1.38504
0.935994 -1.32652
0.96313 -1.27237
0.989522 -1.22211
1.01523 -1.17535
1.0403 -1.13173
1.06478 -1.09095
1.08871 -1.05274
1.11213 -1.01687
1.13506 -0.983117
1.15754 -0.951315
1.17959 -0.921295
1.20123 -0.892912
1.2225 -0.866037
1.2434 -0.840553
1.26395 -0.816355
1.28417 -0.793349
1.30408 -0.771451
1.3237 -0.750581
1.34302 -0.73067
1.36207 -0.711655
1.38086 -0.693475
1.3994 -0.676078
1.41769 -0.659416
1.43575 -0.643442
1.45359 -0.628115
1.47121 -0.613398
1.48862 -0.599255
1.50583 -0.585653
1.52284 -0.572563
1.53967 -0.559956
1.55632 -0.547807
1.57279 -0.536092
1.58908 -0.524788
1.60522 -0.513873
1.62119 -0.50333
1.63701 -0.493139
1.65267 -0.483284
1.66819 -0.473748
1.68357 -0.464516
1.6988 -0.455575
1.7139 -0.446912
1.72887 -0.438513
1.74371 -0.430368
1.75843 -0.422464
1.77302 -0.414793
1.78749 -0.407344
1.80185 -0.400108
1.8161 -0.393076
1.83023 -0.38624
1.84425 -0.379592
1.85817 -0.373125
1.87199 -0.366832
1.8857 -0.360705
1.89932 -0.35474
1.91284 -0.348929
1.92626 -0.343268
1.93959 -0.33775
1.95283 -0.33237
1.96598 -0.327124
1.97904 -0.322007
1.99202 -0.317015
2.00492 -0.312143
2.01773 -0.307386
2.03046 -0.302743
2.04311 -0.298207
2.05568 -0.293777
2.06818 -0.289448
2.0806 -0.285218
2.09295 -0.281082
2.10522 -0.277039
2.11743 -0.273086
2.12956 -0.269219
2.14163 -0.265436
2.15362 -0.261735
2.16556 -0.258113
2.17742 -0.254568
2.18922 -0.251097
2.20096 -0.247699
2.21264 -0.244371
2.22425 -0.241111
2.23581 -0.237918
2.2473 -0.23479
2.25874 -0.231725
2.27012 -0.22872
2.28144 -0.225775
2.29271 -0.222889
2.30392 -0.220058
2.31508 -0.217283
2.32618 -0.214561
2.33723 -0.211891
2.34823 -0.209272
2.35918 -0.206703
2.37007 -0.204182
2.38092 -0.201708
2.39172 -0.19928
2.40247 -0.196897
2.41317 -0.194558
2.42382 -0.192262
2.43443 -0.190007
2.44499 -0.187793
2.45551 -0.185619
2.46598 -0.183483
2.47641 -0.181386
2.48679 -0.179326
2.49713 -0.177302
2.50743 -0.175313
2.51768 -0.173359
2.5279 -0.171439
2.53807 -0.169553
2.5482 -0.167698
2.5583 -0.165876
2.56835 -0.164085
2.57836 -0.162324
2.58833 -0.160592
2.59827 -0.15889
2.60817 -0.157217
2.61803 -0.155571
2.62785 -0.153953
2.63764 -0.152362
2.64739 -0.150797
2.65711 -0.149258
2.66679 -0.147744
2.67643 -0.146255
2.68604 -0.14479
2.69562 -0.143349
2.70516 -0.141931
2.71467 -0.140536
2.72414 -0.139164
2.73359 -0.137813
2.743 -0.136484
2.75237 -0.135177
2.76172 -0.13389
2.77103 -0.132624
2.78032 -0.131378
2.78957 -0.130151
2.79879 -0.128944
2.80798 -0.127755
2.81714 -0.126586
2.82628 -0.125434
2.83538 -0.124301
2.84445 -0.123185
2.8535 -0.122087
2.86251 -0.121005
2.8715 -0.119941
2.88046 -0.118893
2.88939 -0.117861
2.89829 -0.116845
2.90717 -0.115844
2.91602 -0.114859
2.92484 -0.113889
2.93364 -0.112934
2.94241 -0.111993
2.95116 -0.111067
2.95987 -0.110155
2.96857 -0.109256
2.97723 -0.108372
2.98588 -0.107501
2.99449 -0.106643
3.00309 -0.105798
3.01165 -0.104965
3.0202 -0.104146
3.02872 -0.103338
3.03721 -0.102543
3.04569 -0.10176
3.05413 -0.100989
3.06256 -0.100229
3.07096 -0.0994807
3.07934 -0.0987436
3.0877 -0.0980176
3.09603 -0.0973025
3.10434 -0.096598
3.11263 -0.0959042
3.1209 -0.0952207
3.12914 -0.0945475
3.13737 -0.0938843
3.14557 -0.093231
3.15375 -0.0925875
3.16191 -0.0919536
3.17005 -0.0913292
3.17817 -0.0907141
3.18626 -0.0901082
3.19434 -0.0895114
3.2024 -0.0889234
3.21043 -0.0883442
3.21845 -0.0877737
3.22645 -0.0872117
3.23442 -0.086658
3.24238 -0.0861126
3.25032 -0.0855753
3.25823 -0.0850461
3.26613 -0.0845247
3.27401 -0.0840111
3.28187 -0.0835052
3.28972 -0.0830068
3.29754 -0.0825159
3.30534 -0.0820322
3.31313 -0.0815558
3.3209 -0.0810865
3.32865 -0.0806242
3.33638 -0.0801687
3.3441 -0.0797201
3.35179 -0.0792782
3.35947 -0.0788429
3.36713 -0.078414
3.37478 -0.0779916
3.3824 -0.0775755
3.39001 -0.0771655
3.3976 -0.0767618
3.40518 -0.076364
3.41274 -0.0759722
3.42028 -0.0755862
3.42781 -0.075206
3.43531 -0.0748315
3.44281 -0.0744626
3.45028 -0.0740992
3.45774 -0.0737412
3.46519 -0.0733886
3.47262 -0.0730412
3.48003 -0.0726991
3.48742 -0.0723621
3.4948 -0.0720301
3.50217 -0.071703
3.50952 -0.0713809
3.51685 -0.0710636
3.52417 -0.070751
3.53148 -0.0704431
3.53877 -0.0701398
3.54604 -0.0698411
3.5533 -0.0695468
3.56054 -0.0692569
3.56777 -0.0689713
3.57499 -0.06869
3.58219 -0.068413
3.58937 -0.06814
3.59655 -0.0678711
3.6037 -0.0676062
3.61085 -0.0673453
3.61798 -0.0670883
3.62509 -0.0668351
3.63219 -0.0665857
3.63928 -0.06634
3.64635 -0.0660979
3.65341 -0.0658594
3.66046 -0.0656245
3.66749 -0.0653931
3.67451 -0.0651651
3.68152 -0.0649404
3.68851 -0.0647191
3.69549 -0.0645011
3.70245 -0.0642863
3.70941 -0.0640746
3.71635 -0.0638661
3.72327 -0.0636606
3.73019 -0.0634581
3.73709 -0.0632587
3.74398 -0.0630621
3.75085 -0.0628684
3.75772 -0.0626775
3.76457 -0.0624894
3.77141 -0.0623041
3.77823 -0.0621214
3.78505 -0.0619414
3.79185 -0.0617639
3.79864 -0.061589
3.80541 -0.0614167
3.81218 -0.0612468
3.81893 -0.0610793
3.82567 -0.0609142
3.8324 -0.0607515
3.83912 -0.060591
3.84583 -0.0604328
3.85252 -0.0602769
3.8592 -0.0601231
3.86587 -0.0599715
3.87253 -0.059822
3.87918 -0.0596745
3.88582 -0.0595291
3.89244 -0.0593857
3.89906 -0.0592443
3.90566 -0.0591048
3.91225 -0.0589671
3.91883 -0.0588314
3.9254 -0.0586974
3.93196 -0.0585653
3.93851 -0.0584349
3.94505 -0.0583062
3.95157 -0.0581792
3.95809 -0.0580538
3.96459 -0.0579301
3.97109 -0.057808
3.97757 -0.0576875
3.98404 -0.0575685
3.99051 -0.0574509
3.99696 -0.0573349
4.0034 -0.0572203
4.00983 -0.0571071
4.01625 -0.0569953
4.02266 -0.0568849
4.02906 -0.0567758
4.03545 -0.056668
4.04183 -0.0565615
4.0482 -0.0564562
4.05456 -0.0563522
4.06091 -0.0562493
4.06725 -0.0561477
4.07358 -0.0560471
4.0799 -0.0559477
4.08622 -0.0558494
4.09252 -0.0557522
4.09881 -0.055656
4.10509 -0.0555609
4.11136 -0.0554668
4.11762 -0.0553736
4.12388 -0.0552814
4.13012 -0.0551901
4.13636 -0.0550998
4.14258 -0.0550103
4.1488 -0.0549217
4.155 -0.054834
4.1612 -0.0547471
4.16739 -0.054661
4.17356 -0.0545757
4.17973 -0.0544912
4.18589 -0.0544074
4.19205 -0.0543244
4.19819 -0.0542421
4.20432 -0.0541604
4.21044 -0.0540795
4.21656 -0.0539992
4.22267 -0.0539195
4.22876 -0.0538405
4.23485 -0.0537621
4.24093 -0.0536843
4.24701 -0.053607
4.25307 -0.0535303
4.25912 -0.0534542
4.26517 -0.0533785
4.2712 -0.0533034
4.27723 -0.0532288
4.28325 -0.0531547
4.28927 -0.053081
4.29527 -0.0530078
4.30126 -0.052935
4.30725 -0.0528626
4.31323 -0.0527907
4.3192 -0.0527191
4.32516 -0.0526479
4.33111 -0.0525771
4.33706 -0.0525067
4.34299 -0.0524366
4.34892 -0.0523668
4.35484 -0.0522974
4.36076 -0.0522282
4.36666 -0.0521594
4.37256 -0.0520908
4.37845 -0.0520225
4.38433 -0.0519545
4.3902 -0.0518867
4.39607 -0.0518192
4.40193 -0.0517519
4.40778 -0.0516848
4.41362 -0.0516179
4.41945 -0.0515513
4.42528 -0.0514848
4.4311 -0.0514185
4.43691 -0.0513523
4.44271 -0.0512864
4.44851 -0.0512205
4.4543 -0.0511549
4.46008 -0.0510893
4.46585 -0.0510239
4.47162 -0.0509586
4.47738 -0.0508935
4.48313 -0.0508284
4.48887 -0.0507634
4.49461 -0.0506985
4.50034 -0.0506337
4.50606 -0.050569
4.51177 -0.0505043
4.51748 -0.0504397
4.52318 -0.0503752
4.52887 -0.0503107
4.53456 -0.0502462
4.54024 -0.0501818
4.54591 -0.0501174
4.55158 -0.050053
4.55723 -0.0499887
4.56288 -0.0499243
4.56853 -0.04986
4.57416 -0.0497956
4.57979 -0.0497313
4.58542 -0.0496669
4.59103 -0.0496026
4.59664 -0.0495382
4.60224 -0.0494738
4.60784 -0.0494093
4.61343 -0.0493448
4.61901 -0.0492803
4.62459 -0.0492158
4.63015 -0.0491512
4.63572 -0.0490865
4.64127 -0.0490218
4.64682 -0.048957
4.65236 -0.0488922
4.6579 -0.0488273
4.66343 -0.0487624
4.66895 -0.0486973
4.67446 -0.0486322
4.67997 -0.0485671
4.68547 -0.0485018
4.69097 -0.0484365
4.69646 -0.048371
4.70194 -0.0483055
4.70742 -0.0482399
4.71289 -0.0481742
4.71836 -0.0481084
4.72381 -0.0480425
4.72926 -0.0479766
4.73471 -0.0479105
4.74015 -0.0478443
4.74558 -0.047778
4.75101 -0.0477116
4.75643 -0.0476451
4.76184 -0.0475784
4.76725 -0.0475117
4.77265 -0.0474448
4.77805 -0.0473779
4.78344 -0.0473108
4.78882 -0.0472436
4.7942 -0.0471763
4.79957 -0.0471089
4.80494 -0.0470413
4.8103 -0.0469736
4.81565 -0.0469058
4.821 -0.0468379
4.82634 -0.0467699
4.83168 -0.0467017
4.83701 -0.0466334
4.84233 -0.046565
4.84765 -0.0464964
4.85296 -0.0464278
4.85827 -0.046359
4.86357 -0.0462901
4.86886 -0.046221
4.87415 -0.0461519
4.87944 -0.0460826
4.88472 -0.0460131
4.88999 -0.0459436
4.89525 -0.0458739
4.90052 -0.0458041
4.90577 -0.0457342
4.91102 -0.0456641
4.91626 -0.0455939
4.9215 -0.0455236
4.92674 -0.0454532
4.93196 -0.0453827
4.93718 -0.045312
4.9424 -0.0452412
4.94761 -0.0451703
4.95282 -0.0450992
4.95802 -0.0450281
4.96321 -0.0449568
4.9684 -0.0448854
4.97358 -0.0448138
4.97876 -0.0447422
4.98393 -0.0446704
4.9891 -0.0445986
4.99426 -0.0445266
4.99942 -0.0444545
5.00457 -0.0443823
5.00972 -0.0443099
5.01486 -0.0442375
5.01999 -0.0441649
5.02512 -0.0440923
5.03025 -0.0440195
5.03537 -0.0439466
5.04048 -0.0438737
5.04559 -0.0438006
5.0507 -0.0437274
5.0558 -0.0436541
5.06089 -0.0435807
5.06598 -0.0435072
5.07106 -0.0434336
5.07614 -0.04336
5.08122 -0.0432862
5.08628 -0.0432123
5.09135 -0.0431384
5.09641 -0.0430643
5.10146 -0.0429902
5.10651 -0.0429159
5.11155 -0.0428416
5.11659 -0.0427672
5.12162 -0.0426927
5.12665 -0.0426182
5.13168 -0.0425435
5.13669 -0.0424688
5.14171 -0.042394
5.14672 -0.0423192
5.15172 -0.0422442
5.15672 -0.0421692
5.16172 -0.0420941
5.1667 -0.042019
5.17169 -0.0419438
5.17667 -0.0418685
5.18164 -0.0417931
5.18662 -0.0417177
5.19158 -0.0416423
5.19654 -0.0415667
5.2015 -0.0414912
5.20645 -0.0414155
5.2114 -0.0413398
5.21634 -0.0412641
5.22128 -0.0411883
5.22621 -0.0411125
5.23114 -0.0410366
5.23606 -0.0409607
5.24098 -0.0408847
5.24589 -0.0408087
5.2508 -0.0407327
5.25571 -0.0406566
5.26061 -0.0405805
5.2655 -0.0405044
5.27039 -0.0404282
5.27528 -0.040352
5.28016 -0.0402758
5.28504 -0.0401995
5.28991 -0.0401233
5.29478 -0.040047
5.29965 -0.0399707
5.30451 -0.0398943
5.30936 -0.039818
5.31421 -0.0397416
5.31906 -0.0396653
5.3239 -0.0395889
5.32874 -0.0395125
5.33357 -0.0394361
5.3384 -0.0393597
5.34323 -0.0392833
5.34805 -0.0392069
5.35286 -0.0391305
5.35768 -0.0390541
5.36248 -0.0389777
5.36729 -0.0389013
5.37208 -0.038825
5.37688 -0.0387486
5.38167 -0.0386722
5.38645 -0.0385959
5.39124 -0.0385196
5.39601 -0.0384433
5.40079 -0.038367
5.40556 -0.0382907
5.41032 -0.0382145
5.41508 -0.0381383
5.41984 -0.0380621
5.42459 -0.0379859
5.42934 -0.0379098
5.43408 -0.0378337
5.43882 -0.0377576
5.44356 -0.0376816
5.44829 -0.0376056
5.45301 -0.0375296
5.45774 -0.0374537
5.46246 -0.0373778
5.46717 -0.037302
5.47188 -0.0372262
5.47659 -0.0371505
5.48129 -0.0370748
5.48599 -0.0369992
5.49069 -0.0369236
5.49538 -0.0368481
5.50007 -0.0367726
5.50475 -0.0366972
5.50943 -0.0366218
5.5141 -0.0365465
5.51877 -0.0364713
5.52344 -0.0363961
5.5281 -0.036321
5.53276 -0.036246
5.53742 -0.036171
5.54207 -0.0360961
5.54672 -0.0360213
5.55136 -0.0359466
5.556 -0.0358719
5.56064 -0.0357973
