0 nan
0.227012 36.9337
0.321043 623.872
0.393196 -41.5974
0.454024 -20.0585
0.507614 -13.1854
0.556064 -9.80363
0.600617 -7.7918
0.642087 -6.45769
0.681036 -5.50823
0.717875 -4.79803
0.752914 -4.24679
0.786393 -3.80651
0.818503 -3.44676
0.849401 -3.14731
0.879214 -2.89416
0.908048 -2.67735
0.935994 -2.48959
0.96313 -2.32541
0.989522 -2.18063
1.01523 -2.052
1.0403 -1.93697
1.06478 -1.83349
1.08871 -1.73991
1.11213 -1.65487
1.13506 -1.57726
1.15754 -1.50614
1.17959 -1.44074
1.20123 -1.38039
1.2225 -1.32453
1.2434 -1.27268
1.26395 -1.22442
1.28417 -1.1794
1.30408 -1.1373
1.3237 -1.09784
1.34302 -1.06078
1.36207 -1.02592
1.38086 -0.993067
1.3994 -0.962047
1.41769 -0.932715
1.43575 -0.904938
1.45359 -0.878596
1.47121 -0.85358
1.48862 -0.829795
1.50583 -0.807152
1.52284 -0.785571
1.53967 -0.76498
1.55632 -0.745314
1.57279 -0.726511
1.58908 -0.708516
1.60522 -0.69128
1.62119 -0.674755
1.63701 -0.658899
1.65267 -0.643673
1.66819 -0.629041
1.68357 -0.614968
1.6988 -0.601424
1.7139 -0.58838
1.72887 -0.575809
1.74371 -0.563686
1.75843 -0.551989
1.77302 -0.540695
1.78749 -0.529785
1.80185 -0.51924
1.8161 -0.509042
1.83023 -0.499174
1.84425 -0.489621
1.85817 -0.48037
1.87199 -0.471405
1.8857 -0.462714
1.89932 -0.454286
1.91284 -0.446108
1.92626 -0.438171
1.93959 -0.430464
1.95283 -0.422977
1.96598 -0.415702
1.97904 -0.40863
1.99202 -0.401752
2.00492 -0.395062
2.01773 -0.388552
2.03046 -0.382215
2.04311 -0.376045
2.05568 -0.370035
2.06818 -0.364179
2.0806 -0.358473
2.09295 -0.35291
2.10522 -0.347485
2.11743 -0.342194
2.12956 -0.337032
2.14163 -0.331995
2.15362 -0.327078
2.16556 -0.322278
2.17742 -0.31759
2.18922 -0.313011
2.20096 -0.308537
2.21264 -0.304166
2.22425 -0.299893
2.23581 -0.295716
2.2473 -0.291632
2.25874 -0.287637
2.27012 -0.28373
2.28144 -0.279907
2.29271 -0.276167
2.30392 -0.272506
2.31508 -0.268923
2.32618 -0.265415
2.33723 -0.26198
2.34823 -0.258616
2.35918 -0.255321
2.37007 -0.252093
2.38092 -0.24893
2.39172 -0.245831
2.40247 -0.242793
2.41317 -0.239816
2.42382 -0.236898
2.43443 -0.234036
2.44499 -0.23123
2.45551 -0.228479
2.46598 -0.22578
2.47641 -0.223132
2.48679 -0.220535
2.49713 -0.217987
2.50743 -0.215486
2.51768 -0.213032
2.5279 -0.210624
2.53807 -0.20826
2.5482 -0.205939
2.5583 -0.203661
2.56835 -0.201424
2.57836 -0.199228
2.58833 -0.197071
2.59827 -0.194952
2.60817 -0.192871
2.61803 -0.190828
2.62785 -0.18882
2.63764 -0.186847
2.64739 -0.184909
2.65711 -0.183005
2.66679 -0.181133
2.67643 -0.179294
2.68604 -0.177487
2.69562 -0.17571
2.70516 -0.173964
2.71467 -0.172248
2.72414 -0.170561
2.73359 -0.168902
2.743 -0.167271
2.75237 -0.165667
2.76172 -0.16409
2.77103 -0.16254
2.78032 -0.161015
2.78957 -0.159516
2.79879 -0.158041
2.80798 -0.15659
2.81714 -0.155163
2.82628 -0.15376
2.83538 -0.152379
2.84445 -0.151021
2.8535 -0.149685
2.86251 -0.148371
2.8715 -0.147078
2.88046 -0.145806
2.88939 -0.144554
2.89829 -0.143322
2.90717 -0.14211
2.91602 -0.140917
2.92484 -0.139744
2.93364 -0.138589
2.94241 -0.137452
2.95116 -0.136333
2.95987 -0.135232
2.96857 -0.134149
2.97723 -0.133082
2.98588 -0.132033
2.99449 -0.131
3.00309 -0.129983
3.01165 -0.128982
3.0202 -0.127996
3.02872 -0.127026
3.03721 -0.126072
3.04569 -0.125132
3.05413 -0.124206
3.06256 -0.123295
3.07096 -0.122399
3.07934 -0.121516
3.0877 -0.120647
3.09603 -0.119791
3.10434 -0.118949
3.11263 -0.118119
3.1209 -0.117303
3.12914 -0.116499
3.13737 -0.115707
3.14557 -0.114928
3.15375 -0.11416
3.16191 -0.113405
3.17005 -0.112661
3.17817 -0.111928
3.18626 -0.111207
3.19434 -0.110497
3.2024 -0.109797
3.21043 -0.109109
3.21845 -0.108431
3.22645 -0.107763
3.23442 -0.107106
3.24238 -0.106459
3.25032 -0.105821
3.25823 -0.105194
3.26613 -0.104576
3.27401 -0.103967
3.28187 -0.103368
3.28972 -0.102778
3.29754 -0.102197
3.30534 -0.101624
3.31313 -0.101061
3.3209 -0.100506
3.32865 -0.0999598
3.33638 -0.0994217
3.3441 -0.098892
3.35179 -0.0983703
3.35947 -0.0978565
3.36713 -0.0973506
3.37478 -0.0968525
3.3824 -0.0963619
3.39001 -0.0958788
3.3976 -0.0954031
3.40518 -0.0949347
3.41274 -0.0944734
3.42028 -0.0940191
3.42781 -0.0935718
3.43531 -0.0931313
3.44281 -0.0926975
3.45028 -0.0922703
3.45774 -0.0918496
3.46519 -0.0914353
3.47262 -0.0910273
3.48003 -0.0906256
3.48742 -0.0902299
3.4948 -0.0898403
3.50217 -0.0894566
3.50952 -0.0890788
3.51685 -0.0887066
3.52417 -0.0883402
3.53148 -0.0879793
3.53877 -0.0876239
3.54604 -0.0872738
3.5533 -0.0869291
3.56054 -0.0865896
3.56777 -0.0862552
3.57499 -0.0859259
3.58219 -0.0856016
3.58937 -0.0852822
3.59655 -0.0849676
3.6037 -0.0846577
3.61085 -0.0843525
3.61798 -0.0840519
3.62509 -0.0837558
3.63219 -0.0834642
3.63928 -0.0831769
3.64635 -0.082894
3.65341 -0.0826153
3.66046 -0.0823407
3.66749 -0.0820702
3.67451 -0.0818038
3.68152 -0.0815413
3.68851 -0.0812827
3.69549 -0.081028
3.70245 -0.080777
3.70941 -0.0805297
3.71635 -0.080286
3.72327 -0.080046
3.73019 -0.0798094
3.73709 -0.0795763
3.74398 -0.0793467
3.75085 -0.0791203
3.75772 -0.0788972
3.76457 -0.0786774
3.77141 -0.0784607
3.77823 -0.0782472
3.78505 -0.0780367
3.79185 -0.0778292
3.79864 -0.0776247
3.80541 -0.0774231
3.81218 -0.0772243
3.81893 -0.0770283
3.82567 -0.0768351
3.8324 -0.0766445
3.83912 -0.0764566
3.84583 -0.0762713
3.85252 -0.0760886
3.8592 -0.0759084
3.86587 -0.0757306
3.87253 -0.0755552
3.87918 -0.0753822
3.88582 -0.0752115
3.89244 -0.0750431
3.89906 -0.0748769
3.90566 -0.074713
3.91225 -0.0745511
3.91883 -0.0743914
3.9254 -0.0742337
3.93196 -0.0740781
3.93851 -0.0739244
3.94505 -0.0737727
3.95157 -0.0736229
3.95809 -0.0734749
3.96459 -0.0733288
3.97109 -0.0731844
3.97757 -0.0730419
3.98404 -0.072901
3.99051 -0.0727618
3.99696 -0.0726242
4.0034 -0.0724883
4.00983 -0.0723539
4.01625 -0.0722211
4.02266 -0.0720898
4.02906 -0.0719599
4.03545 -0.0718315
4.04183 -0.0717045
4.0482 -0.0715789
4.05456 -0.0714546
4.06091 -0.0713316
4.06725 -0.0712099
4.07358 -0.0710895
4.0799 -0.0709702
4.08622 -0.0708522
4.09252 -0.0707354
4.09881 -0.0706196
4.10509 -0.070505
4.11136 -0.0703915
4.11762 -0.070279
4.12388 -0.0701676
4.13012 -0.0700571
4.13636 -0.0699477
4.14258 -0.0698392
4.1488 -0.0697316
4.155 -0.0696249
4.1612 -0.0695191
4.16739 -0.0694141
4.17356 -0.06931
4.17973 -0.0692067
4.18589 -0.0691041
4.19205 -0.0690023
4.19819 -0.0689013
4.20432 -0.068801
4.21044 -0.0687014
4.21656 -0.0686024
4.22267 -0.0685041
4.22876 -0.0684065
4.23485 -0.0683094
4.24093 -0.068213
4.24701 -0.0681171
4.25307 -0.0680218
4.25912 -0.067927
4.26517 -0.0678328
4.2712 -0.067739
4.27723 -0.0676458
4.28325 -0.067553
4.28927 -0.0674606
4.29527 -0.0673687
4.30126 -0.0672772
4.30725 -0.0671862
4.31323 -0.0670955
4.3192 -0.0670051
4.32516 -0.0669152
4.33111 -0.0668255
4.33706 -0.0667362
4.34299 -0.0666472
4.34892 -0.0665585
4.35484 -0.0664701
4.36076 -0.066382
4.36666 -0.0662941
4.37256 -0.0662065
4.37845 -0.0661191
4.38433 -0.0660319
4.3902 -0.0659449
4.39607 -0.0658582
4.40193 -0.0657716
4.40778 -0.0656852
4.41362 -0.0655989
4.41945 -0.0655128
4.42528 -0.0654268
4.4311 -0.065341
4.43691 -0.0652553
4.44271 -0.0651697
4.44851 -0.0650842
4.4543 -0.0649988
4.46008 -0.0649135
4.46585 -0.0648282
4.47162 -0.064743
4.47738 -0.0646579
4.48313 -0.0645728
4.48887 -0.0644878
4.49461 -0.0644027
4.50034 -0.0643177
4.50606 -0.0642328
4.51177 -0.0641478
4.51748 -0.0640628
4.52318 -0.0639778
4.52887 -0.0638928
4.53456 -0.0638078
4.54024 -0.0637228
4.54591 -0.0636377
4.55158 -0.0635526
4.55723 -0.0634675
4.56288 -0.0633823
4.56853 -0.063297
4.57416 -0.0632117
4.57979 -0.0631263
4.58542 -0.0630409
4.59103 -0.0629553
4.59664 -0.0628697
4.60224 -0.062784
4.60784 -0.0626983
4.61343 -0.0626124
4.61901 -0.0625264
4.62459 -0.0624403
4.63015 -0.0623541
4.63572 -0.0622678
4.64127 -0.0621814
4.64682 -0.0620949
4.65236 -0.0620083
4.6579 -0.0619215
4.66343 -0.0618346
4.66895 -0.0617476
4.67446 -0.0616604
4.67997 -0.0615732
4.68547 -0.0614857
4.69097 -0.0613982
4.69646 -0.0613105
4.70194 -0.0612226
4.70742 -0.0611346
4.71289 -0.0610465
4.71836 -0.0609582
4.72381 -0.0608698
4.72926 -0.0607812
4.73471 -0.0606925
4.74015 -0.0606036
4.74558 -0.0605145
4.75101 -0.0604253
4.75643 -0.0603359
4.76184 -0.0602464
4.76725 -0.0601567
4.77265 -0.0600669
4.77805 -0.0599769
4.78344 -0.0598867
4.78882 -0.0597964
4.7942 -0.0597059
4.79957 -0.0596152
4.80494 -0.0595244
4.8103 -0.0594334
4.81565 -0.0593423
4.821 -0.0592509
4.82634 -0.0591595
4.83168 -0.0590678
4.83701 -0.058976
4.84233 -0.0588841
4.84765 -0.0587919
4.85296 -0.0586996
4.85827 -0.0586072
4.86357 -0.0585146
4.86886 -0.0584218
4.87415 -0.0583289
4.87944 -0.0582358
4.88472 -0.0581425
4.88999 -0.0580491
4.89525 -0.0579555
4.90052 -0.0578618
4.90577 -0.0577679
4.91102 -0.0576739
4.91626 -0.0575797
4.9215 -0.0574854
4.92674 -0.0573909
4.93196 -0.0572963
4.93718 -0.0572015
4.9424 -0.0571066
4.94761 -0.0570115
4.95282 -0.0569163
4.95802 -0.056821
4.96321 -0.0567255
4.9684 -0.0566298
4.97358 -0.0565341
4.97876 -0.0564382
4.98393 -0.0563421
4.9891 -0.056246
4.99426 -0.0561497
4.99942 -0.0560532
5.00457 -0.0559567
5.00972 -0.05586
5.01486 -0.0557632
5.01999 -0.0556663
5.02512 -0.0555693
5.03025 -0.0554721
5.03537 -0.0553748
5.04048 -0.0552775
5.04559 -0.05518
5.0507 -0.0550824
5.0558 -0.0549847
5.06089 -0.0548869
5.06598 -0.054789
5.07106 -0.0546909
5.07614 -0.0545928
5.08122 -0.0544946
5.08628 -0.0543963
5.09135 -0.054298
5.09641 -0.0541995
5.10146 -0.0541009
5.10651 -0.0540023
5.11155 -0.0539035
5.11659 -0.0538047
5.12162 -0.0537059
5.12665 -0.0536069
5.13168 -0.0535079
5.13669 -0.0534088
5.14171 -0.0533096
5.14672 -0.0532104
5.15172 -0.0531111
5.15672 -0.0530117
5.16172 -0.0529123
5.1667 -0.0528128
5.17169 -0.0527133
5.17667 -0.0526137
5.18164 -0.0525141
5.18662 -0.0524144
5.19158 -0.0523147
5.19654 -0.052215
5.2015 -0.0521152
5.20645 -0.0520154
5.2114 -0.0519155
5.21634 -0.0518156
5.22128 -0.0517157
5.22621 -0.0516158
5.23114 -0.0515158
5.23606 -0.0514158
5.24098 -0.0513158
5.24589 -0.0512158
5.2508 -0.0511157
5.25571 -0.0510157
5.26061 -0.0509156
5.2655 -0.0508156
5.27039 -0.0507155
5.27528 -0.0506154
5.28016 -0.0505154
5.28504 -0.0504153
5.28991 -0.0503152
5.29478 -0.0502152
5.29965 -0.0501152
5.30451 -0.0500151
5.30936 -0.0499151
5.31421 -0.0498151
5.31906 -0.0497152
5.3239 -0.0496152
5.32874 -0.0495153
5.33357 -0.0494154
5.3384 -0.0493155
5.34323 -0.0492157
5.34805 -0.0491159
5.35286 -0.0490162
5.35768 -0.0489164
5.36248 -0.0488168
5.36729 -0.0487171
5.37208 -0.0486175
5.37688 -0.048518
5.38167 -0.0484185
5.38645 -0.0483191
5.39124 -0.0482197
5.39601 -0.0481204
5.40079 -0.0480211
5.40556 -0.0479219
5.41032 -0.0478228
5.41508 -0.0477238
5.41984 -0.0476248
5.42459 -0.0475258
5.42934 -0.047427
5.43408 -0.0473282
5.43882 -0.0472295
5.44356 -0.0471309
5.44829 -0.0470324
5.45301 -0.046934
5.45774 -0.0468356
5.46246 -0.0467373
5.46717 -0.0466392
5.47188 -0.0465411
5.47659 -0.0464431
5.48129 -0.0463452
5.48599 -0.0462474
5.49069 -0.0461497
5.49538 -0.0460521
5.50007 -0.0459547
5.50475 -0.0458573
5.50943 -0.04576
5.5141 -0.0456629
5.51877 -0.0455658
5.52344 -0.0454689
5.5281 -0.0453721
5.53276 -0.0452754
5.53742 -0.0451789
5.54207 -0.0450824
5.54672 -0.0449861
5.55136 -0.0448899
5.556 -0.0447939
5.56064 -0.0446979
