0 nan
0.227012 4.4037
0.321043 4.90868
0.393196 5.54898
0.454024 6.38741
0.507614 7.53272
0.556064 9.19113
0.600617 11.8069
0.642087 16.5454
0.681036 27.7544
0.717875 87.2085
0.752914 -75.4603
0.786393 -26.2281
0.818503 -15.8329
0.849401 -11.3185
0.879214 -8.79499
0.908048 -7.18327
0.935994 -6.06482
0.96313 -5.24325
0.989522 -4.61422
1.01523 -4.11715
1.0403 -3.71447
1.06478 -3.38163
1.08871 -3.10191
1.11213 -2.86354
1.13506 -2.65799
1.15754 -2.47891
1.17959 -2.32152
1.20123 -2.18209
1.2225 -2.05771
1.2434 -1.94609
1.26395 -1.84535
1.28417 -1.75398
1.30408 -1.67073
1.3237 -1.59457
1.34302 -1.52463
1.36207 -1.46018
1.38086 -1.4006
1.3994 -1.34536
1.41769 -1.294
1.43575 -1.24612
1.45359 -1.2014
1.47121 -1.15952
1.48862 -1.12023
1.50583 -1.08329
1.52284 -1.04849
1.53967 -1.01567
1.55632 -0.984653
1.57279 -0.955298
1.58908 -0.927475
1.60522 -0.901069
1.62119 -0.875975
1.63701 -0.852098
1.65267 -0.829353
1.66819 -0.807661
1.68357 -0.786952
1.6988 -0.767161
1.7139 -0.748229
1.72887 -0.730102
1.74371 -0.71273
1.75843 -0.696067
1.77302 -0.680072
1.78749 -0.664706
1.80185 -0.649933
1.8161 -0.63572
1.83023 -0.622035
1.84425 -0.608852
1.85817 -0.596142
1.87199 -0.583882
1.8857 -0.572048
1.89932 -0.56062
1.91284 -0.549576
1.92626 -0.538899
1.93959 -0.528571
1.95283 -0.518575
1.96598 -0.508897
1.97904 -0.499521
1.99202 -0.490434
2.00492 -0.481623
2.01773 -0.473077
2.03046 -0.464784
2.04311 -0.456732
2.05568 -0.448914
2.06818 -0.441317
2.0806 -0.433934
2.09295 -0.426757
2.10522 -0.419776
2.11743 -0.412985
2.12956 -0.406375
2.14163 -0.399941
2.15362 -0.393675
2.16556 -0.387572
2.17742 -0.381625
2.18922 -0.375829
2.20096 -0.370179
2.21264 -0.364669
2.22425 -0.359294
2.23581 -0.35405
2.2473 -0.348933
2.25874 -0.343938
2.27012 -0.33906
2.28144 -0.334298
2.29271 -0.329645
2.30392 -0.3251
2.31508 -0.320658
2.32618 -0.316317
2.33723 -0.312073
2.34823 -0.307924
2.35918 -0.303865
2.37007 -0.299896
2.38092 -0.296012
2.39172 -0.292213
2.40247 -0.288494
2.41317 -0.284854
2.42382 -0.281291
2.43443 -0.277802
2.44499 -0.274385
2.45551 -0.271039
2.46598 -0.267761
2.47641 -0.264549
2.48679 -0.261403
2.49713 -0.258319
2.50743 -0.255297
2.51768 -0.252334
2.5279 -0.24943
2.53807 -0.246582
2.5482 -0.24379
2.5583 -0.241052
2.56835 -0.238366
2.57836 -0.235731
2.58833 -0.233147
2.59827 -0.230611
2.60817 -0.228122
2.61803 -0.225681
2.62785 -0.223284
2.63764 -0.220932
2.64739 -0.218623
2.65711 -0.216357
2.66679 -0.214132
2.67643 -0.211947
2.68604 -0.209801
2.69562 -0.207694
2.70516 -0.205625
2.71467 -0.203593
2.72414 -0.201596
2.73359 -0.199635
2.743 -0.197709
2.75237 -0.195816
2.76172 -0.193956
2.77103 -0.192129
2.78032 -0.190333
2.78957 -0.188569
2.79879 -0.186834
2.80798 -0.18513
2.81714 -0.183455
2.82628 -0.181808
2.83538 -0.180189
2.84445 -0.178598
2.8535 -0.177033
2.86251 -0.175495
2.8715 -0.173983
2.88046 -0.172496
2.88939 -0.171034
2.89829 -0.169596
2.90717 -0.168182
2.91602 -0.166792
2.92484 -0.165425
2.93364 -0.16408
2.94241 -0.162757
2.95116 -0.161456
2.95987 -0.160176
2.96857 -0.158918
2.97723 -0.15768
2.98588 -0.156462
2.99449 -0.155263
3.00309 -0.154085
3.01165 -0.152925
3.0202 -0.151784
3.02872 -0.150662
3.03721 -0.149558
3.04569 -0.148471
3.05413 -0.147402
3.06256 -0.14635
3.07096 -0.145315
3.07934 -0.144297
3.0877 -0.143294
3.09603 -0.142308
3.10434 -0.141338
3.11263 -0.140383
3.1209 -0.139443
3.12914 -0.138518
3.13737 -0.137608
3.14557 -0.136713
3.15375 -0.135831
3.16191 -0.134964
3.17005 -0.13411
3.17817 -0.13327
3.18626 -0.132443
3.19434 -0.131629
3.2024 -0.130828
3.21043 -0.130039
3.21845 -0.129263
3.22645 -0.128499
3.23442 -0.127747
3.24238 -0.127007
3.25032 -0.126279
3.25823 -0.125562
3.26613 -0.124857
3.27401 -0.124162
3.28187 -0.123478
3.28972 -0.122805
3.29754 -0.122143
3.30534 -0.121491
3.31313 -0.120849
3.3209 -0.120217
3.32865 -0.119595
3.33638 -0.118983
3.3441 -0.118381
3.35179 -0.117787
3.35947 -0.117203
3.36713 -0.116629
3.37478 -0.116063
3.3824 -0.115506
3.39001 -0.114957
3.3976 -0.114418
3.40518 -0.113886
3.41274 -0.113363
3.42028 -0.112848
3.42781 -0.112341
3.43531 -0.111842
3.44281 -0.111351
3.45028 -0.110867
3.45774 -0.110391
3.46519 -0.109922
3.47262 -0.10946
3.48003 -0.109006
3.48742 -0.108558
3.4948 -0.108118
3.50217 -0.107684
3.50952 -0.107257
3.51685 -0.106837
3.52417 -0.106423
3.53148 -0.106015
3.53877 -0.105614
3.54604 -0.105219
3.5533 -0.10483
3.56054 -0.104447
3.56777 -0.104069
3.57499 -0.103698
3.58219 -0.103332
3.58937 -0.102972
3.59655 -0.102617
3.6037 -0.102268
3.61085 -0.101924
3.61798 -0.101585
3.62509 -0.101251
3.63219 -0.100923
3.63928 -0.100599
3.64635 -0.10028
3.65341 -0.0999661
3.66046 -0.0996567
3.66749 -0.099352
3.67451 -0.0990518
3.68152 -0.0987561
3.68851 -0.0984647
3.69549 -0.0981777
3.70245 -0.0978949
3.70941 -0.0976162
3.71635 -0.0973416
3.72327 -0.0970711
3.73019 -0.0968044
3.73709 -0.0965417
3.74398 -0.0962827
3.75085 -0.0960275
3.75772 -0.0957759
3.76457 -0.0955279
3.77141 -0.0952834
3.77823 -0.0950424
3.78505 -0.0948048
3.79185 -0.0945706
3.79864 -0.0943396
3.80541 -0.0941118
3.81218 -0.0938871
3.81893 -0.0936656
3.82567 -0.093447
3.8324 -0.0932315
3.83912 -0.0930188
3.84583 -0.092809
3.85252 -0.092602
3.8592 -0.0923978
3.86587 -0.0921962
3.87253 -0.0919973
3.87918 -0.0918009
3.88582 -0.0916071
3.89244 -0.0914158
3.89906 -0.0912268
3.90566 -0.0910403
3.91225 -0.0908561
3.91883 -0.0906741
3.9254 -0.0904944
3.93196 -0.0903168
3.93851 -0.0901414
3.94505 -0.0899681
3.95157 -0.0897968
3.95809 -0.0896275
3.96459 -0.0894602
3.97109 -0.0892948
3.97757 -0.0891312
3.98404 -0.0889695
3.99051 -0.0888095
3.99696 -0.0886513
4.0034 -0.0884948
4.00983 -0.0883399
4.01625 -0.0881867
4.02266 -0.088035
4.02906 -0.0878849
4.03545 -0.0877363
4.04183 -0.0875891
4.0482 -0.0874434
4.05456 -0.0872991
4.06091 -0.0871561
4.06725 -0.0870145
4.07358 -0.0868742
4.0799 -0.0867351
4.08622 -0.0865972
4.09252 -0.0864605
4.09881 -0.086325
4.10509 -0.0861906
4.11136 -0.0860573
4.11762 -0.0859251
4.12388 -0.0857939
4.13012 -0.0856637
4.13636 -0.0855345
4.14258 -0.0854062
4.1488 -0.0852788
4.155 -0.0851524
4.1612 -0.0850268
4.16739 -0.084902
4.17356 -0.0847781
4.17973 -0.0846549
4.18589 -0.0845325
4.19205 -0.0844108
4.19819 -0.0842898
4.20432 -0.0841696
4.21044 -0.0840499
4.21656 -0.083931
4.22267 -0.0838126
4.22876 -0.0836948
4.23485 -0.0835776
4.24093 -0.083461
4.24701 -0.0833448
4.25307 -0.0832292
4.25912 -0.0831141
4.26517 -0.0829994
4.2712 -0.0828852
4.27723 -0.0827714
4.28325 -0.082658
4.28927 -0.082545
4.29527 -0.0824324
4.30126 -0.0823202
4.30725 -0.0822082
4.31323 -0.0820966
4.3192 -0.0819853
4.32516 -0.0818743
4.33111 -0.0817636
4.33706 -0.0816531
4.34299 -0.0815428
4.34892 -0.0814328
4.35484 -0.081323
4.36076 -0.0812134
4.36666 -0.0811039
4.37256 -0.0809947
4.37845 -0.0808856
4.38433 -0.0807766
4.3902 -0.0806678
4.39607 -0.0805591
4.40193 -0.0804504
4.40778 -0.0803419
4.41362 -0.0802335
4.41945 -0.0801251
4.42528 -0.0800168
4.4311 -0.0799086
4.43691 -0.0798003
4.44271 -0.0796921
4.44851 -0.079584
4.4543 -0.0794758
4.46008 -0.0793677
4.46585 -0.0792595
4.47162 -0.0791513
4.47738 -0.0790431
4.48313 -0.0789348
4.48887 -0.0788265
4.49461 -0.0787182
4.50034 -0.0786098
4.50606 -0.0785013
4.51177 -0.0783928
4.51748 -0.0782842
4.52318 -0.0781755
4.52887 -0.0780667
4.53456 -0.0779578
4.54024 -0.0778487
4.54591 -0.0777396
4.55158 -0.0776304
4.55723 -0.077521
4.56288 -0.0774116
4.56853 -0.0773019
4.57416 -0.0771922
4.57979 -0.0770823
4.58542 -0.0769723
4.59103 -0.0768621
4.59664 -0.0767517
4.60224 -0.0766412
4.60784 -0.0765306
4.61343 -0.0764197
4.61901 -0.0763087
4.62459 -0.0761976
4.63015 -0.0760862
4.63572 -0.0759747
4.64127 -0.075863
4.64682 -0.0757511
4.65236 -0.075639
4.6579 -0.0755268
4.66343 -0.0754143
4.66895 -0.0753017
4.67446 -0.0751888
4.67997 -0.0750758
4.68547 -0.0749626
4.69097 -0.0748491
4.69646 -0.0747355
4.70194 -0.0746217
4.70742 -0.0745076
4.71289 -0.0743934
4.71836 -0.074279
4.72381 -0.0741643
4.72926 -0.0740495
4.73471 -0.0739344
4.74015 -0.0738191
4.74558 -0.0737037
4.75101 -0.073588
4.75643 -0.0734721
4.76184 -0.073356
4.76725 -0.0732397
4.77265 -0.0731232
4.77805 -0.0730065
4.78344 -0.0728896
4.78882 -0.0727725
4.7942 -0.0726552
4.79957 -0.0725377
4.80494 -0.07242
4.8103 -0.072302
4.81565 -0.0721839
4.821 -0.0720656
4.82634 -0.0719471
4.83168 -0.0718284
4.83701 -0.0717095
4.84233 -0.0715904
4.84765 -0.0714711
4.85296 -0.0713516
4.85827 -0.0712319
4.86357 -0.071112
4.86886 -0.070992
4.87415 -0.0708718
4.87944 -0.0707513
4.88472 -0.0706308
4.88999 -0.07051
4.89525 -0.070389
4.90052 -0.0702679
4.90577 -0.0701466
4.91102 -0.0700251
4.91626 -0.0699035
4.9215 -0.0697817
4.92674 -0.0696598
4.93196 -0.0695376
4.93718 -0.0694154
4.9424 -0.0692929
4.94761 -0.0691703
4.95282 -0.0690476
4.95802 -0.0689247
4.96321 -0.0688017
4.9684 -0.0686785
4.97358 -0.0685552
4.97876 -0.0684317
4.98393 -0.0683081
4.9891 -0.0681844
4.99426 -0.0680606
4.99942 -0.0679366
5.00457 -0.0678125
5.00972 -0.0676883
5.01486 -0.0675639
5.01999 -0.0674395
5.02512 -0.0673149
5.03025 -0.0671902
5.03537 -0.0670655
5.04048 -0.0669406
5.04559 -0.0668156
5.0507 -0.0666905
5.0558 -0.0665653
5.06089 -0.0664401
5.06598 -0.0663147
5.07106 -0.0661893
5.07614 -0.0660638
5.08122 -0.0659382
5.08628 -0.0658125
5.09135 -0.0656867
5.09641 -0.0655609
5.10146 -0.065435
5.10651 -0.0653091
5.11155 -0.0651831
5.11659 -0.065057
5.12162 -0.0649309
5.12665 -0.0648048
5.13168 -0.0646786
5.13669 -0.0645523
5.14171 -0.064426
5.14672 -0.0642997
5.15172 -0.0641733
5.15672 -0.0640469
5.16172 -0.0639205
5.1667 -0.0637941
5.17169 -0.0636676
5.17667 -0.0635411
5.18164 -0.0634146
5.18662 -0.0632881
5.19158 -0.0631616
5.19654 -0.0630351
5.2015 -0.0629085
5.20645 -0.062782
5.2114 -0.0626555
5.21634 -0.062529
5.22128 -0.0624025
5.22621 -0.062276
5.23114 -0.0621495
5.23606 -0.0620231
5.24098 -0.0618966
5.24589 -0.0617702
5.2508 -0.0616439
5.25571 -0.0615175
5.26061 -0.0613912
5.2655 -0.061265
5.27039 -0.0611387
5.27528 -0.0610126
5.28016 -0.0608864
5.28504 -0.0607604
5.28991 -0.0606343
5.29478 -0.0605084
5.29965 -0.0603825
5.30451 -0.0602566
5.30936 -0.0601309
5.31421 -0.0600051
5.31906 -0.0598795
5.3239 -0.0597539
5.32874 -0.0596285
5.33357 -0.0595031
5.3384 -0.0593777
5.34323 -0.0592525
5.34805 -0.0591274
5.35286 -0.0590023
5.35768 -0.0588774
5.36248 -0.0587525
5.36729 -0.0586278
5.37208 -0.0585031
5.37688 -0.0583786
5.38167 -0.0582541
5.38645 -0.0581298
5.39124 -0.0580056
5.39601 -0.0578815
5.40079 -0.0577575
5.40556 -0.0576337
5.41032 -0.05751
5.41508 -0.0573864
5.41984 -0.0572629
5.42459 -0.0571396
5.42934 -0.0570164
5.43408 -0.0568933
5.43882 -0.0567704
5.44356 -0.0566476
5.44829 -0.056525
5.45301 -0.0564025
5.45774 -0.0562802
5.46246 -0.056158
5.46717 -0.056036
5.47188 -0.0559141
5.47659 -0.0557924
5.48129 -0.0556709
5.48599 -0.0555495
5.49069 -0.0554283
5.49538 -0.0553072
5.50007 -0.0551864
5.50475 -0.0550657
5.50943 -0.0549452
5.5141 -0.0548248
5.51877 -0.0547047
5.52344 -0.0545847
5.5281 -0.0544649
5.53276 -0.0543453
5.53742 -0.0542259
5.54207 -0.0541067
5.54672 -0.0539877
5.55136 -0.0538688
5.556 -0.0537502
5.56064 -0.0536318
