0 nan
0.227012 -1.30813
0.321043 -1.25282
0.393196 -1.20162
0.454024 -1.15409
0.507614 -1.10985
0.556064 -1.06857
0.600617 -1.02996
0.642087 -0.993779
0.681036 -0.959796
0.717875 -0.927821
0.752914 -0.897681
0.786393 -0.869225
0.818503 -0.842314
0.849401 -0.816827
0.879214 -0.792655
0.908048 -0.769699
0.935994 -0.74787
0.96313 -0.727087
0.989522 -0.707278
1.01523 -0.688376
1.0403 -0.670321
1.06478 -0.653057
1.08871 -0.636534
1.11213 -0.620705
1.13506 -0.605529
1.15754 -0.590966
1.17959 -0.576981
1.20123 -0.563539
1.2225 -0.55061
1.2434 -0.538165
1.26395 -0.526179
1.28417 -0.514627
1.30408 -0.503486
1.3237 -0.492734
1.34302 -0.482353
1.36207 -0.472322
1.38086 -0.462627
1.3994 -0.453249
1.41769 -0.444174
1.43575 -0.435388
1.45359 -0.426878
1.47121 -0.418631
1.48862 -0.410635
1.50583 -0.402879
1.52284 -0.395353
1.53967 -0.388048
1.55632 -0.380953
1.57279 -0.37406
1.58908 -0.367361
1.60522 -0.360849
1.62119 -0.354514
1.63701 -0.348351
1.65267 -0.342354
1.66819 -0.336514
1.68357 -0.330828
1.6988 -0.325288
1.7139 -0.31989
1.72887 -0.314629
1.74371 -0.309499
1.75843 -0.304495
1.77302 -0.299614
1.78749 -0.294852
1.80185 -0.290203
1.8161 -0.285665
1.83023 -0.281233
1.84425 -0.276905
1.85817 -0.272676
1.87199 -0.268543
1.8857 -0.264504
1.89932 -0.260556
1.91284 -0.256695
1.92626 -0.252919
1.93959 -0.249225
1.95283 -0.245611
1.96598 -0.242075
1.97904 -0.238613
1.99202 -0.235225
2.00492 -0.231908
2.01773 -0.228659
2.03046 -0.225477
2.04311 -0.22236
2.05568 -0.219306
2.06818 -0.216314
2.0806 -0.213381
2.09295 -0.210507
2.10522 -0.207689
2.11743 -0.204926
2.12956 -0.202216
2.14163 -0.199559
2.15362 -0.196953
2.16556 -0.194396
2.17742 -0.191887
2.18922 -0.189426
2.20096 -0.18701
2.21264 -0.18464
2.22425 -0.182312
2.23581 -0.180028
2.2473 -0.177785
2.25874 -0.175582
2.27012 -0.17342
2.28144 -0.171295
2.29271 -0.169209
2.30392 -0.16716
2.31508 -0.165146
2.32618 -0.163168
2.33723 -0.161224
2.34823 -0.159314
2.35918 -0.157437
2.37007 -0.155593
2.38092 -0.153779
2.39172 -0.151997
2.40247 -0.150244
2.41317 -0.148521
2.42382 -0.146827
2.43443 -0.145162
2.44499 -0.143524
2.45551 -0.141913
2.46598 -0.140328
2.47641 -0.13877
2.48679 -0.137237
2.49713 -0.135729
2.50743 -0.134246
2.51768 -0.132786
2.5279 -0.13135
2.53807 -0.129937
2.5482 -0.128547
2.5583 -0.127179
2.56835 -0.125832
2.57836 -0.124507
2.58833 -0.123203
2.59827 -0.121919
2.60817 -0.120656
2.61803 -0.119412
2.62785 -0.118188
2.63764 -0.116982
2.64739 -0.115796
2.65711 -0.114627
2.66679 -0.113477
2.67643 -0.112344
2.68604 -0.111229
2.69562 -0.110131
2.70516 -0.10905
2.71467 -0.107985
2.72414 -0.106936
2.73359 -0.105903
2.743 -0.104886
2.75237 -0.103884
2.76172 -0.102897
2.77103 -0.101925
2.78032 -0.100968
2.78957 -0.100025
2.79879 -0.0990963
2.80798 -0.0981813
2.81714 -0.0972799
2.82628 -0.096392
2.83538 -0.0955173
2.84445 -0.0946555
2.8535 -0.0938065
2.86251 -0.0929701
2.8715 -0.092146
2.88046 -0.0913341
2.88939 -0.0905342
2.89829 -0.089746
2.90717 -0.0889694
2.91602 -0.0882043
2.92484 -0.0874503
2.93364 -0.0867074
2.94241 -0.0859754
2.95116 -0.0852541
2.95987 -0.0845434
2.96857 -0.083843
2.97723 -0.0831528
2.98588 -0.0824727
2.99449 -0.0818025
3.00309 -0.0811421
3.01165 -0.0804913
3.0202 -0.07985
3.02872 -0.0792179
3.03721 -0.0785951
3.04569 -0.0779813
3.05413 -0.0773764
3.06256 -0.0767803
3.07096 -0.0761929
3.07934 -0.0756139
3.0877 -0.0750434
3.09603 -0.0744811
3.10434 -0.073927
3.11263 -0.0733809
3.1209 -0.0728427
3.12914 -0.0723123
3.13737 -0.0717896
3.14557 -0.0712745
3.15375 -0.0707668
3.16191 -0.0702665
3.17005 -0.0697734
3.17817 -0.0692875
3.18626 -0.0688086
3.19434 -0.0683366
3.2024 -0.0678715
3.21043 -0.0674131
3.21845 -0.0669614
3.22645 -0.0665162
3.23442 -0.0660774
3.24238 -0.0656451
3.25032 -0.065219
3.25823 -0.064799
3.26613 -0.0643852
3.27401 -0.0639774
3.28187 -0.0635755
3.28972 -0.0631794
3.29754 -0.0627891
3.30534 -0.0624045
3.31313 -0.0620255
3.3209 -0.0616519
3.32865 -0.0612839
3.33638 -0.0609211
3.3441 -0.0605637
3.35179 -0.0602115
3.35947 -0.0598644
3.36713 -0.0595223
3.37478 -0.0591853
3.3824 -0.0588531
3.39001 -0.0585259
3.3976 -0.0582034
3.40518 -0.0578856
3.41274 -0.0575725
3.42028 -0.0572639
3.42781 -0.0569599
3.43531 -0.0566603
3.44281 -0.0563651
3.45028 -0.0560742
3.45774 -0.0557876
3.46519 -0.0555052
3.47262 -0.0552269
3.48003 -0.0549528
3.48742 -0.0546826
3.4948 -0.0544164
3.50217 -0.0541541
3.50952 -0.0538957
3.51685 -0.0536411
3.52417 -0.0533902
3.53148 -0.0531431
3.53877 -0.0528995
3.54604 -0.0526596
3.5533 -0.0524231
3.56054 -0.0521902
3.56777 -0.0519607
3.57499 -0.0517346
3.58219 -0.0515118
3.58937 -0.0512923
3.59655 -0.051076
3.6037 -0.0508629
3.61085 -0.0506529
3.61798 -0.0504461
3.62509 -0.0502423
3.63219 -0.0500415
3.63928 -0.0498436
3.64635 -0.0496487
3.65341 -0.0494566
3.66046 -0.0492674
3.66749 -0.049081
3.67451 -0.0488973
3.68152 -0.0487163
3.68851 -0.0485379
3.69549 -0.0483622
3.70245 -0.0481891
3.70941 -0.0480185
3.71635 -0.0478504
3.72327 -0.0476848
3.73019 -0.0475215
3.73709 -0.0473607
3.74398 -0.0472023
3.75085 -0.0470461
3.75772 -0.0468922
3.76457 -0.0467406
3.77141 -0.0465912
3.77823 -0.0464439
3.78505 -0.0462988
3.79185 -0.0461558
3.79864 -0.0460149
3.80541 -0.045876
3.81218 -0.0457391
3.81893 -0.0456041
3.82567 -0.0454711
3.8324 -0.04534
3.83912 -0.0452108
3.84583 -0.0450835
3.85252 -0.0449579
3.8592 -0.0448342
3.86587 -0.0447122
3.87253 -0.0445919
3.87918 -0.0444733
3.88582 -0.0443564
3.89244 -0.0442411
3.89906 -0.0441274
3.90566 -0.0440153
3.91225 -0.0439048
3.91883 -0.0437958
3.9254 -0.0436883
3.93196 -0.0435823
3.93851 -0.0434777
3.94505 -0.0433746
3.95157 -0.0432728
3.95809 -0.0431725
3.96459 -0.0430734
3.97109 -0.0429757
3.97757 -0.0428793
3.98404 -0.0427842
3.99051 -0.0426904
3.99696 -0.0425977
4.0034 -0.0425063
4.00983 -0.0424161
4.01625 -0.042327
4.02266 -0.0422391
4.02906 -0.0421523
4.03545 -0.0420665
4.04183 -0.0419819
4.0482 -0.0418983
4.05456 -0.0418158
4.06091 -0.0417343
4.06725 -0.0416537
4.07358 -0.0415742
4.0799 -0.0414956
4.08622 -0.0414179
4.09252 -0.0413411
4.09881 -0.0412653
4.10509 -0.0411903
4.11136 -0.0411162
4.11762 -0.0410429
4.12388 -0.0409705
4.13012 -0.0408989
4.13636 -0.040828
4.14258 -0.040758
4.1488 -0.0406887
4.155 -0.0406201
4.1612 -0.0405523
4.16739 -0.0404851
4.17356 -0.0404187
4.17973 -0.0403529
4.18589 -0.0402878
4.19205 -0.0402234
4.19819 -0.0401596
4.20432 -0.0400964
4.21044 -0.0400338
4.21656 -0.0399718
4.22267 -0.0399103
4.22876 -0.0398494
4.23485 -0.0397891
4.24093 -0.0397293
4.24701 -0.03967
4.25307 -0.0396112
4.25912 -0.039553
4.26517 -0.0394952
4.2712 -0.0394378
4.27723 -0.039381
4.28325 -0.0393245
4.28927 -0.0392685
4.29527 -0.0392129
4.30126 -0.0391578
4.30725 -0.039103
4.31323 -0.0390486
4.3192 -0.0389946
4.32516 -0.0389409
4.33111 -0.0388877
4.33706 -0.0388347
4.34299 -0.0387821
4.34892 -0.0387298
4.35484 -0.0386778
4.36076 -0.0386261
4.36666 -0.0385747
4.37256 -0.0385236
4.37845 -0.0384728
4.38433 -0.0384222
4.3902 -0.0383719
4.39607 -0.0383218
4.40193 -0.038272
4.40778 -0.0382224
4.41362 -0.038173
4.41945 -0.0381239
4.42528 -0.0380749
4.4311 -0.0380261
4.43691 -0.0379776
4.44271 -0.0379292
4.44851 -0.037881
4.4543 -0.0378329
4.46008 -0.037785
4.46585 -0.0377373
4.47162 -0.0376897
4.47738 -0.0376422
4.48313 -0.0375949
4.48887 -0.0375477
4.49461 -0.0375006
4.50034 -0.0374537
4.50606 -0.0374068
4.51177 -0.0373601
4.51748 -0.0373134
4.52318 -0.0372668
4.52887 -0.0372203
4.53456 -0.0371739
4.54024 -0.0371276
4.54591 -0.0370813
4.55158 -0.0370351
4.55723 -0.0369889
4.56288 -0.0369428
4.56853 -0.0368967
4.57416 -0.0368507
4.57979 -0.0368047
4.58542 -0.0367588
4.59103 -0.0367128
4.59664 -0.0366669
4.60224 -0.0366211
4.60784 -0.0365752
4.61343 -0.0365293
4.61901 -0.0364835
4.62459 -0.0364376
4.63015 -0.0363918
4.63572 -0.0363459
4.64127 -0.0363001
4.64682 -0.0362542
4.65236 -0.0362083
4.6579 -0.0361624
4.66343 -0.0361165
4.66895 -0.0360706
4.67446 -0.0360246
4.67997 -0.0359786
4.68547 -0.0359325
4.69097 -0.0358865
4.69646 -0.0358403
4.70194 -0.0357942
4.70742 -0.035748
4.71289 -0.0357017
4.71836 -0.0356554
4.72381 -0.0356091
4.72926 -0.0355627
4.73471 -0.0355162
4.74015 -0.0354697
4.74558 -0.0354232
4.75101 -0.0353765
4.75643 -0.0353298
4.76184 -0.0352831
4.76725 -0.0352362
4.77265 -0.0351893
4.77805 -0.0351424
4.78344 -0.0350953
4.78882 -0.0350482
4.7942 -0.035001
4.79957 -0.0349538
4.80494 -0.0349064
4.8103 -0.034859
4.81565 -0.0348115
4.821 -0.0347639
4.82634 -0.0347163
4.83168 -0.0346685
4.83701 -0.0346207
4.84233 -0.0345728
4.84765 -0.0345248
4.85296 -0.0344767
4.85827 -0.0344285
4.86357 -0.0343803
4.86886 -0.0343319
4.87415 -0.0342835
4.87944 -0.034235
4.88472 -0.0341863
4.88999 -0.0341376
4.89525 -0.0340888
4.90052 -0.03404
4.90577 -0.033991
4.91102 -0.0339419
4.91626 -0.0338927
4.9215 -0.0338435
4.92674 -0.0337941
4.93196 -0.0337447
4.93718 -0.0336952
4.9424 -0.0336455
4.94761 -0.0335958
4.95282 -0.033546
4.95802 -0.0334961
4.96321 -0.0334461
4.9684 -0.033396
4.97358 -0.0333459
4.97876 -0.0332956
4.98393 -0.0332452
4.9891 -0.0331948
4.99426 -0.0331442
4.99942 -0.0330936
5.00457 -0.0330429
5.00972 -0.0329921
5.01486 -0.0329411
5.01999 -0.0328902
5.02512 -0.0328391
5.03025 -0.0327879
5.03537 -0.0327367
5.04048 -0.0326853
5.04559 -0.0326339
5.0507 -0.0325824
5.0558 -0.0325308
5.06089 -0.0324791
5.06598 -0.0324273
5.07106 -0.0323755
5.07614 -0.0323236
5.08122 -0.0322715
5.08628 -0.0322194
5.09135 -0.0321673
5.09641 -0.032115
5.10146 -0.0320627
5.10651 -0.0320103
5.11155 -0.0319578
5.11659 -0.0319053
5.12162 -0.0318526
5.12665 -0.0317999
5.13168 -0.0317472
5.13669 -0.0316943
5.14171 -0.0316414
5.14672 -0.0315884
5.15172 -0.0315354
5.15672 -0.0314822
5.16172 -0.031429
5.1667 -0.0313758
5.17169 -0.0313225
5.17667 -0.0312691
5.18164 -0.0312156
5.18662 -0.0311621
5.19158 -0.0311086
5.19654 -0.031055
5.2015 -0.0310013
5.20645 -0.0309475
5.2114 -0.0308938
5.21634 -0.0308399
5.22128 -0.030786
5.22621 -0.0307321
5.23114 -0.0306781
5.23606 -0.030624
5.24098 -0.0305699
5.24589 -0.0305158
5.2508 -0.0304616
5.25571 -0.0304073
5.26061 -0.0303531
5.2655 -0.0302988
5.27039 -0.0302444
5.27528 -0.03019
5.28016 -0.0301356
5.28504 -0.0300811
5.28991 -0.0300266
5.29478 -0.029972
5.29965 -0.0299175
5.30451 -0.0298629
5.30936 -0.0298082
5.31421 -0.0297536
5.31906 -0.0296989
5.3239 -0.0296441
5.32874 -0.0295894
5.33357 -0.0295346
5.3384 -0.0294798
5.34323 -0.029425
5.34805 -0.0293702
5.35286 -0.0293153
5.35768 -0.0292605
5.36248 -0.0292056
5.36729 -0.0291507
5.37208 -0.0290958
5.37688 -0.0290408
5.38167 -0.0289859
5.38645 -0.028931
5.39124 -0.028876
5.39601 -0.0288211
5.40079 -0.0287661
5.40556 -0.0287111
5.41032 -0.0286562
5.41508 -0.0286012
5.41984 -0.0285462
5.42459 -0.0284912
5.42934 -0.0284363
5.43408 -0.0283813
5.43882 -0.0283264
5.44356 -0.0282714
5.44829 -0.0282165
5.45301 -0.0281615
5.45774 -0.0281066
5.46246 -0.0280517
5.46717 -0.0279968
5.47188 -0.0279419
5.47659 -0.027887
5.48129 -0.0278322
5.48599 -0.0277773
5.49069 -0.0277225
5.49538 -0.0276677
5.50007 -0.027613
5.50475 -0.0275582
5.50943 -0.0275035
5.5141 -0.0274488
5.51877 -0.0273941
5.52344 -0.0273395
5.5281 -0.0272849
5.53276 -0.0272303
5.53742 -0.0271757
5.54207 -0.0271212
5.54672 -0.0270667
5.55136 -0.0270123
5.556 -0.0269579
5.56064 -0.0269035
